#Layer_Color=16711935
#
#Feature symbol names
#
$0 r10
$1 r3.937
$2 r4.7244

#
#Feature attribute names
#

#
#Layer features
#
A 0.0000393 0.0900395 0.0899998 0.0000002 0.0900392 0.0900001 0 P 0 N
A 0.09 0.9999998 -0.0000394 0.9100392 0.0899606 0.9099998 0 P 0 N
A 0.6644882 0.8188976 0.6644882 0.8188976 0.6144882 0.8188976 0 P 0 N
A 1.2657481 0.4606298 1.2657481 0.4606298 1.2559056 0.4606298 1 P 0 N
A 1.4311024 0.4606298 1.4311024 0.4606298 1.4212599 0.4606298 1 P 0 N
A 1.436614 0.2440945 1.436614 0.2440945 1.420866 0.2440945 1 P 0 N
A 1.436614 0.7165355 1.436614 0.7165355 1.420866 0.7165355 1 P 0 N
A 1.510118 0 1.6001574 0.0899606 1.5101574 0.09 0 P 0 N
A 1.6000787 0.9100393 1.5101181 1.0000787 1.5100787 0.9100787 0 P 0 N
L -0.0511416 0.3425197 -0.0511416 0.6574802 2 P 0
L -0.0511416 0.3425197 0.1772047 0.3425196 2 P 0
L -0.0511416 0.6574802 0.1772047 0.6574803 2 P 0
L 0 0.0900787 0 0.9099213 0 P 0
L 0.09 0.9999998 1.51 1 0 P 0
L 0.0900392 0.0000003 1.51 0 0 P 0
L 0.1772047 0.3425196 0.1772047 0.6574803 2 P 0
L 0.2345669 0.1929134 0.2345669 0.3188976 1 P 0
L 0.2345669 0.1929134 0.3329921 0.1929134 1 P 0
L 0.2345669 0.3188976 0.3329921 0.3188976 1 P 0
L 0.2788685 0.4898395 0.2788685 0.5370835 1 P 0
L 0.2788685 0.4898395 0.3103645 0.4898395 1 P 0
L 0.2788685 0.5370835 0.3103645 0.5370835 1 P 0
L 0.3103645 0.4898395 0.3103645 0.5370835 1 P 0
L 0.3329921 0.1929134 0.3329921 0.3188976 1 P 0
L 0.4033859 0.3903937 0.4033859 0.7840945 1 P 0
L 0.4033859 0.3903937 0.7970867 0.3903937 1 P 0
L 0.4033859 0.7840945 0.7970867 0.7840945 1 P 0
L 0.7970867 0.3903937 0.7970867 0.7840945 1 P 0
L 1.2047244 0.4409448 1.2047244 0.543307 1 P 0
L 1.2047244 0.4409448 1.2755906 0.4409448 1 P 0
L 1.2047244 0.543307 1.2755906 0.543307 1 P 0
L 1.2200787 0.2070866 1.2200787 0.3204724 1 P 0
L 1.2200787 0.2070866 1.4799213 0.2070866 1 P 0
L 1.2200787 0.3204724 1.4799213 0.3204724 1 P 0
L 1.2200787 0.6795276 1.2200787 0.7929134 1 P 0
L 1.2200787 0.6795276 1.4799213 0.6795276 1 P 0
L 1.2200787 0.7929134 1.4799213 0.7929134 1 P 0
L 1.2755906 0.4409448 1.2755906 0.543307 1 P 0
L 1.3700787 0.4409448 1.3700787 0.543307 1 P 0
L 1.3700787 0.4409448 1.4409449 0.4409448 1 P 0
L 1.3700787 0.543307 1.4409449 0.543307 1 P 0
L 1.4409449 0.4409448 1.4409449 0.543307 1 P 0
L 1.4799213 0.2070866 1.4799213 0.3204724 1 P 0
L 1.4799213 0.6795276 1.4799213 0.7929134 1 P 0
L 1.6000787 0.0898819 1.6000787 0.91 0 P 0
