#Layer_Color=5220458
#
#Feature symbol names
#
$0 r10
$1 r3.937
$2 r1.9685

#
#Feature attribute names
#

#
#Layer features
#
A 0.0000393 0.0900395 0.0899998 0.0000002 0.0900392 0.0900001 0 P 0 N
A 0.09 0.9999998 -0.0000394 0.9100392 0.0899606 0.9099998 0 P 0 N
A 1.510118 0 1.6001574 0.0899606 1.5101574 0.09 0 P 0 N
A 1.6000787 0.9100393 1.5101181 1.0000787 1.5100787 0.9100787 0 P 0 N
L -0.0629528 0.3228346 -0.0629528 0.6771655 2 P 0
L -0.0629528 0.3228346 0.2047638 0.3228346 2 P 0
L -0.0629528 0.6771655 0.2047638 0.6771653 2 P 0
L 0 0.0900787 0 0.9099213 0 P 0
L 0.09 0.9999998 1.51 1 0 P 0
L 0.0900392 0.0000003 1.51 0 0 P 0
L 0.1932283 0.1496063 0.1932283 0.3622047 1 P 0
L 0.1932283 0.1496063 0.3743307 0.1496063 1 P 0
L 0.1932283 0.3622047 0.3743307 0.3622047 1 P 0
L 0.2047638 0.3228346 0.2047638 0.6771653 2 P 0
L 0.254459 0.4827528 0.254459 0.5441702 1 P 0
L 0.254459 0.4827528 0.334774 0.4827528 1 P 0
L 0.254459 0.5441702 0.334774 0.5441702 1 P 0
L 0.2640946 0.2559055 0.3034646 0.2559055 1 P 0
L 0.2749315 0.5134615 0.3143015 0.5134615 1 P 0
L 0.2837796 0.2362205 0.2837796 0.2755905 1 P 0
L 0.2946165 0.4937765 0.2946165 0.5331465 1 P 0
L 0.334774 0.4827528 0.334774 0.5441702 1 P 0
L 0.3743307 0.1496063 0.3743307 0.3622047 1 P 0
L 0.3837008 0.3707086 0.3837008 0.8037795 1 P 0
L 0.3837008 0.3707086 0.8167717 0.3707086 1 P 0
L 0.3837008 0.8037795 0.8167717 0.8037795 1 P 0
L 0.5805512 0.5872441 0.6199213 0.5872441 1 P 0
L 0.6002363 0.567559 0.6002363 0.6069291 1 P 0
L 0.8167717 0.3707086 0.8167717 0.8037795 1 P 0
L 1.2003937 0.169685 1.2003937 0.357874 1 P 0
L 1.2003937 0.169685 1.4996063 0.169685 1 P 0
L 1.2003937 0.357874 1.4996063 0.357874 1 P 0
L 1.2003937 0.642126 1.2003937 0.830315 1 P 0
L 1.2003937 0.642126 1.4996063 0.642126 1 P 0
L 1.2003937 0.830315 1.4996063 0.830315 1 P 0
L 1.2204724 0.4921259 1.2598424 0.4921259 1 P 0
L 1.2401574 0.4724409 1.2401574 0.5118109 1 P 0
L 1.330315 0.2637795 1.369685 0.2637795 1 P 0
L 1.330315 0.7362205 1.369685 0.7362205 1 P 0
L 1.35 0.2440945 1.35 0.2834645 1 P 0
L 1.35 0.7165355 1.35 0.7559055 1 P 0
L 1.3858267 0.4921259 1.4251967 0.4921259 1 P 0
L 1.4055117 0.4724409 1.4055117 0.5118109 1 P 0
L 1.4996063 0.169685 1.4996063 0.357874 1 P 0
L 1.4996063 0.642126 1.4996063 0.830315 1 P 0
L 1.6000787 0.0898819 1.6000787 0.91 0 P 0
